1003.0146
1009.6382
1104.3276
1105.3107
1105.8907
1107.0017
1111.2635
1111.7295
1112.6209
1204.4894
1204.6211
1206.3298
1207.2189
1207.4708
1208.4802
1209.0277
1209.2137
1211.3208
1212.1442
1212.5701
1301.3781
1302.4389
1302.4949
1302.6816
1304.1114
1304.3091
1304.7367
1307.4164
1308.0850
1309.4168
1310.4546
1310.6084
1310.8733
1311.2524
1311.2901
1312.4314
1312.5602
1312.6114
1312.6120
1312.6199
1312.6229
1402.3722
1403.6652
1404.7530
1405.0312
1405.4053
1406.1078
1406.2661
1406.3722
1406.4729
1408.5093
1408.5882
1409.0473
1409.0575
1409.1259
1409.1556
1409.3215
1409.4842
1410.3916
1410.5401
1410.8043
1411.1784
1411.1792
1411.4038
1411.4555
1411.5595
1412.1897
1412.3555
1412.6572
1412.6623
1502.01852
1502.03044
1502.03167
1502.03492
1502.04623
1502.05477
1503.00075
1503.02531
1503.03578
1503.03832
1504.00702
1504.04909
1504.08083
1505.00387
1506.01497
1506.02025
1506.02626
1506.02640
1506.03099
1506.03134
1506.03365
1508.02439
1508.04025
1508.06576
1508.07909
1509.00519
1509.01626
1509.02971
1509.06461
1510.00149
1510.03055
1510.05484
1510.08484
1511.00363
1511.02283
1511.05101
1511.05644
1511.05952
1511.06038
1511.06434
1511.06581
1511.09207
1511.7983
1512.00567
1512.01274
1512.03385
1512.09300
1601.00670
1602.01528
1602.01783
1602.02215
1602.02830
1602.04921
1602.04938
1602.05629
1602.06709
1602.07360
1603.02754
1603.04467
1603.05027
1603.05279
1603.07185
1603.09320
1604.00126
1604.00727
1605.00500
1605.01397
1605.02019
1605.08695
1606.01540
1606.03137
1606.03476
1606.03667
1606.06031
1606.06565
1606.07792
1606.08415
1607.00133
1607.00653
1607.01759
1607.04606
1607.04683
1607.06450
1607.08022
1608.00272
1608.06993
1608.08710
1609.02907
1609.03499
1609.03511
1609.08144
1609.09106
1609.09270
1610.01644
1610.05256
1610.08088
1611.01578
1611.03852
1611.05431
1611.05950
1611.05955
1611.07308
1611.07718
1612.00005
1612.00593
1612.03079
1612.03144
1612.03651
1612.03928
1612.2528
1701.06538
1701.07875
1702.00953
1702.02640
1702.05218
1702.08734
1703.00955
1703.01365
1703.01958
1703.03365
1703.03400
1703.03864
1703.05175
1703.06103
1703.06870
1703.09828
1703.09902
1703.10593
1704.00051
1704.03003
1704.04861
1704.06687
1705.03551
1705.08039
1706.02216
1706.03461
1706.03741
1706.05587
1706.05806
1707.04638
1707.06347
1707.07998
1708.02002
1709.01507
1710.01878
1710.02298
1710.03740
1710.09412
1710.10903
1711.00048
1711.00351
1711.00937
1711.02827
1711.05101
1711.10067
1712.00409
1712.01815
1712.05877
1712.05889
1712.06139
1801.01290
1801.03150
1801.04540
1801.06146
1802.01548
1802.01561
1802.02511
1802.03268
1802.04064
1802.04799
1802.05365
1802.05799
1802.05957
1802.06893
1802.09477
1802.10229
1803.02155
1803.05457
1803.07416
1803.07728
1803.08494
1803.10937
1804.01650
1804.02767
1804.06437
1804.06876
1804.07461
1804.09301
1805.06939
1806.01180
1806.01973
1806.02847
1806.03185
1806.03377
1806.03822
1806.04075
1806.06461
1806.07366
1806.07585
1806.08342
1806.09055
1807.00067
1807.01774
1807.01836
1807.03748
1807.05358
1808.05326
1808.07233
1808.09315
1809.00125
1809.02789
1809.03252
1809.05053
1809.08895
1809.11096
1810.00826
1810.03993
1810.05749
1810.05934
1810.06759
1810.07218
1810.09538
1810.10147
1810.12440
1811.00223
1811.00937
1811.02084
1811.06965
1811.10959
1812.02900
1812.04948
1812.05905
1901.01753
1901.02860
1901.04473
1901.07031
1901.08149
1901.09851
1902.00751
1902.01313
1903.00161
1903.05480
1904.00962
1904.03241
1904.03493
1904.06690
1904.08375
1904.08779
1904.09223
1904.09728
1904.09751
1904.10509
1905.00537
1905.01067
1905.01973
1905.03696
1905.07799
1905.07830
1905.10044
1905.10884
1905.10985
1905.11833
1905.11946
1905.12099
1905.13648
1906.00300
1906.01265
1906.01563
1906.02467
1906.06127
1906.08237
1907.05507
1907.06292
1907.06616
1907.10529
1907.10641
1907.11692
1907.12412
1907.12461
1908.01707
1908.02265
1908.02402
1908.02660
1908.03195
1908.03557
1908.04913
1908.06079
1908.06256
1908.07125
1908.07490
1908.08962
1909.00161
1909.01066
1909.01315
1909.01440
1909.05840
1909.05858
1909.06146
1909.06312
1909.08053
1909.08593
1909.09436
1909.10351
1909.11150
1909.11740
1909.11942
1910.01108
1910.01739
1910.02054
1910.04867
1910.06188
1910.06535
1910.07124
1910.07467
1910.07475
1910.09340
1910.09700
1910.11856
1910.12091
1910.13302
1910.13461
1910.14145
1911.00172
1911.00232
1911.00294
1911.00536
1911.02116
1911.02150
1911.03814
1911.05507
1911.05722
1911.08265
1911.11641
1911.11807
1912.01703
1912.02164
1912.02292
1912.06670
1912.07768
1912.07875
1912.08777
1912.09867
1912.13318
2001.02338
2001.04063
2001.04451
2001.08210
2001.08317
2001.08361
2002.02925
2002.04926
2002.05202
2002.05515
2002.05670
2002.05709
2002.08155
2002.08909
2002.10857
2002.10957
2003.00572
2003.04463
2003.05997
2003.08536
2003.08934
2003.10555
2003.11080
2003.13678
2004.01401
2004.03720
2004.04100
2004.04906
2004.05150
2004.06165
2004.07180
2004.08483
2004.08492
2004.09297
2004.10190
2004.12158
2004.12681
2004.12832
2004.13637
2005.00743
2005.04118
2005.04310
2005.07647
2005.08072
2005.08100
2005.12872
2005.14165
2006.03654
2006.03677
2006.04558
2006.04768
2006.04779
2006.05525
2006.06427
2006.07733
2006.10369
2006.11239
2006.11477
2006.13979
2006.15704
2006.16236
2006.16668
2007.00808
2007.01282
2007.03634
2007.07834
2007.10310
2007.12720
2007.12986
2007.14062
2007.15207
2007.15779
2008.00401
2008.03946
2008.12260
2009.00148
2009.01325
2009.02252
2009.03300
2009.05166
2009.06489
2009.06978
2009.08366
2009.11462
2009.13081
2009.14794
2010.00904
2010.01777
2010.02502
2010.03636
2010.04295
2010.05171
2010.06070
2010.10016
2010.10499
2010.10864
2010.11125
2010.11170
2010.11430
2010.11934
2010.12621
2010.12821
2010.12864
2010.13382
2010.13886
2010.14701
2010.15980
2011.01215
2012.00363
2012.03411
2012.04644
2012.07421
2012.08724
2012.09841
2012.12877
2012.14740
2012.15332
2012.15701
2012.15723
2012.15761
2101.00027
2101.00190
2101.00390
2101.00416
2101.00529
2101.03961
2101.04061
2101.06804
2101.06840
2101.07597
2101.09809
2101.11038
2101.11718
2101.11986
2101.12195
2102.01017
2102.02611
2102.03334
2102.03902
2102.05095
2102.05805
2102.05918
2102.07849
2102.07988
2102.08473
2102.08981
2102.09542
2102.09690
2102.11068
2102.12092
2102.12122
2102.12452
2103.00020
2103.01913
2103.02907
2103.03467
2103.03874
2103.05677
2103.06874
2103.06878
2103.10031
2103.10360
2103.10730
2103.12528
2103.13413
2103.14030
2103.15808
2103.16057
2104.00675
2104.01027
2104.01136
2104.02821
2104.03963
2104.04473
2104.06378
2104.06486
2104.06678
2104.07857
2104.08376
2104.08663
2104.08691
2104.08821
2104.08836
2104.08860
2104.09742
2104.09864
2104.11228
2104.11280
2104.12756
2104.14294
2104.14559
2104.15069
2105.00572
2105.01601
2105.03824
2105.04663
2105.09501
2105.13290
2105.13626
2105.15203
2106.01144
2106.01345
2106.03193
2106.03322
2106.04486
2106.04563
2106.04884
2106.05470
2106.06134
2106.06600
2106.06909
2106.07447
2106.07771
2106.08254
2106.10199
2106.10270
2106.14463
2106.16163
2107.03312
2107.03374
2107.05720
2107.06278
2107.07150
2107.07651
2107.07653
2107.14795
2108.01073
2108.01547
2108.03265
2108.03353
2108.07258
2108.07732
2108.10904
2108.11875
2108.12409
2108.12661
2108.12960
2109.00698
2109.00859
2109.01652
2109.01758
2109.02593
2109.02878
2109.04650
2109.05070
2109.06232
2109.06822
2109.06912
2109.07958
2109.08090
2109.10086
2109.10282
2109.10686
2109.10852
2109.10862
2109.11397
2109.11680
2110.00061
2110.02178
2110.03068
2110.03111
2110.03753
2110.05752
2110.06410
2110.06918
2110.07205
2110.07580
2110.08175
2110.08193
2110.08207
2110.08466
2110.08518
2110.08727
2110.09456
2110.11624
2110.13900
2110.14168
2110.14875
2110.14883
2111.01998
2111.02114
2111.06377
2111.06719
2111.08366
2111.09296
2111.09543
2111.09883
2111.09886
2111.09963
2111.10050
2111.11294
2111.11432
2111.14822
2111.15664
2112.00169
2112.00238
2112.01422
2112.01527
2112.03109
2112.04426
2112.04482
2112.05139
2112.06905
2112.07869
2112.07887
2112.08460
2112.08547
2112.08656
2112.09118
2112.09332
2112.10668
2112.10752
2112.11446
2112.14683
2201.00094
2201.02177
2201.02533
2201.02558
2201.03545
2201.06025
2201.07311
2201.08860
2201.10066
2201.11675
2201.11903
2201.12023
2201.12086
2201.12380
2202.00512
2202.01698
2202.03286
2202.03555
2202.03829
2202.05118
2202.05239
2202.05751
2202.06991
2202.07125
2202.07654
2202.08360
2202.08904
2202.08906
2202.12837
2202.13047
2203.01914
2203.02155
2203.02378
2203.02573
2203.02807
2203.03466
2203.03850
2203.04358
2203.07722
2203.08556
2203.09095
2203.09313
2203.09509
2203.09893
2203.10244
2203.11171
2203.11926
2203.12533
2203.13474
2203.14343
2203.14371
2203.14465
2203.15556
2203.17261
2204.00408
2204.00604
2204.00764
2204.01691
2204.02311
2204.02967
2204.04541
2204.04991
2204.05454
2204.05862
2204.05999
2204.06125
2204.06745
2204.07141
2204.07705
2204.08387
2204.09817
2204.09821
2204.10850
2204.14198
2204.14217
2205.01068
2205.01917
2205.02274
2205.02289
2205.04507
2205.04733
2205.05131
2205.05638
2205.06205
2205.10625
2205.10646
2205.11487
2205.11916
2205.12446
2205.12522
2205.12680
2205.14100
2205.14135
2205.16007
2206.00364
2206.01191
2206.01861
2206.02127
2206.02680
2206.03382
2206.04658
2206.06336
2206.07682
2206.07771
2206.10535
2206.11147
2206.11309
2206.11893
2206.11971
2206.14774
2206.15000
2207.00032
2207.01780
2207.04632
2207.07771
2207.10887
2207.11795
2207.12598
2207.13286
2207.14157
2207.14711
2208.00385
2208.02816
2208.03299
2208.05456
2208.07339
2208.07363
2208.08227
2208.09727
2208.12415
2209.03003
2209.03143
2209.03311
2209.04372
2209.05555
2209.06794
2209.07562
2209.07752
2209.10100
2209.11055
2209.11204
2209.11895
2209.15352
2210.00102
2210.01946
2210.02016
2210.02414
2210.02849
2210.02933
2210.03057
2210.03561
2210.03629
2210.05801
2210.06413
2210.07316
2210.07792
2210.07916
2210.08402
2210.08511
2210.09298
2210.09338
2210.09521
2210.09984
2210.10634
2210.11399
2210.11416
2210.14986
2210.15424
2210.16271
2210.16407
2210.17323
2211.01324
2211.01426
2211.01786
2211.03318
2211.05102
2211.06687
2211.07292
2211.09110
2211.09260
2211.12485
2211.12737
2211.13319
2211.14394
2211.14730
2211.15660
2211.17192
2212.01340
2212.01349
2212.02623
2212.04356
2212.04489
2212.04493
2212.05011
2212.06250
2212.07919
2212.08059
2212.08073
2212.08653
2212.09535
2212.09561
2212.09689
2212.09748
2212.10449
2212.10465
2212.10496
2212.10560
2212.10561
2212.11984
2212.14052
2301.00774
2301.00808
2301.02700
2301.03988
2301.04558
2301.05062
2301.11270
2301.11325
2301.11326
2301.13293
2301.13688
2301.13801
2302.00294
2302.01925
2302.04761
2302.05442
2302.06555
2302.06590
2302.08453
2302.10866
2302.11505
2302.11665
2302.12163
2302.12433
2302.13971
2302.14045
2303.00716
2303.01469
2303.06349
2303.09001
2303.09033
2303.10108
2303.12712
2303.13472
2303.14189
2303.15343
2303.15937
2303.17651
2303.18248
2304.00394
2304.01373
2304.02162
2304.02643
2304.03208
2304.03277
2304.03442
2304.06364
2304.06795
2304.07327
2304.09325
2304.09355
2304.10436
2304.10592
2304.11277
2304.13134
2304.14108
2305.01521
2305.02412
2305.02440
2305.02463
2305.02499
2305.02665
2305.02783
2305.02790
2305.02968
2305.03027
2305.03040
2305.03043
2305.03048
2305.03049
2305.03052
2305.03111
2305.03210
2305.03286
2305.03393
2305.03668
2305.03689
2305.03695
2305.03713
2305.03719
2305.03726
2305.03937
2305.03981
2305.04091
2305.04160
2305.04241
2305.04268
2305.04461
2305.04745
2305.04789
2305.04966
2305.05065
2305.05176
2305.05189
2305.05280
2305.05364
2305.05383
2305.05432
2305.05591
2305.05662
2305.05706
2305.05845
2305.05973
2305.06077
2305.06218
2305.06324
2305.06351
2305.06355
2305.06356
2305.06404
2305.06410
2305.06456
2305.06474
2305.06555
2305.06908
2305.07004
2305.07011
2305.07017
2305.07021
2305.07027
2305.07153
2305.07185
2305.07214
2305.07243
2305.07378
2305.07440
2305.07447
2305.07514
2305.07558
2305.07615
2305.07677
2305.07759
2305.07804
2305.07922
2305.07961
2305.07969
2305.08298
2305.08322
2305.08596
2305.08675
2305.08810
2305.08844
2305.08848
2305.08850
2305.09137
2305.09148
2305.09253
2305.09515
2305.09617
2305.09636
2305.09641
2305.09662
2305.09664
2305.09758
2305.09761
2305.09764
2305.09857
2305.09863
2305.09975
2305.10005
2305.10018
2305.10142
2305.10266
2305.10320
2305.10355
2305.10400
2305.10403
2305.10425
2305.10429
2305.10431
2305.10434
2305.10688
2305.10763
2305.10853
2305.10855
2305.11000
2305.11129
2305.11147
2305.11173
2305.11175
2305.11206
2305.11243
2305.11290
2305.11337
2305.11364
2305.11588
2305.11598
2305.11675
2305.11694
2305.11738
2305.11759
2305.11778
2305.11834
2305.11837
2305.11840
2305.11841
2305.11846
2305.11863
2305.11870
2305.11938
2305.12001
2305.12087
2305.12102
2305.12487
2305.13009
2305.13048
2305.13050
2305.13077
2305.13304
2305.13516
2305.13534
2305.13579
2305.13735
2305.13786
2305.14087
2305.14201
2305.14233
2305.14314
2305.14325
2305.14442
2305.14540
2305.14564
2305.14699
2305.14878
2305.15038
2305.15486
2305.15717
2305.15719
2305.15779
2305.16213
2305.16334
2305.16338
2305.16349
2305.16355
2305.16367
2305.16380
2305.16381
2305.16411
2305.16704
2305.16765
2305.16806
2305.16843
2305.16960
2305.16999
2305.17066
2305.17144
2305.17216
2305.17235
2305.17306
2305.17359
2305.18098
2305.18150
2305.18231
2305.18247
2305.18259
2305.18264
2305.18274
2305.18286
2305.18292
2305.18373
2305.18415
2305.18474
2305.18565
2305.18583
2305.18654
2305.18729
2305.18752
2305.18802
2305.19012
2305.19066
2305.19164
2305.19234
2305.19245
2305.19370
2305.19452
2305.19534
2305.19835
2305.20010
2305.20050
2305.20081
2305.20086
2305.20088
2305.20091
2306.00110
2306.00148
2306.00248
2306.00378
2306.00622
2306.00637
2306.00739
2306.00802
2306.00890
2306.00926
2306.00943
2306.00956
2306.00964
2306.00966
2306.00983
2306.00984
2306.00986
2306.01061
2306.01116
2306.01160
2306.01242
2306.01323
2306.01481
2306.01567
2306.01684
2306.01693
2306.01694
2306.01736
2306.01741
2306.01754
2306.01841
2306.01872
2306.01879
2306.02231
2306.02245
2306.02254
2306.02707
2306.02858
2306.03024
2306.03038
2306.03082
2306.03083
2306.03203
2306.03460
2306.03504
2306.03509
2306.03514
2306.03802
2306.03881
2306.04009
2306.04031
2306.04076
2306.04140
2306.04235
2306.04362
2306.04387
2306.04556
2306.04619
2306.04632
2306.04634
2306.04707
2306.04751
2306.04822
2306.05087
2306.05178
2306.05284
2306.05357
2306.05392
2306.05399
2306.05410
2306.05420
2306.05422
2306.05425
2306.05427
2306.05428
2306.05493
2306.05544
2306.05696
2306.05949
2306.06044
2306.06085
2306.06092
2306.06212
2306.06546
2306.06936
2306.07075
2306.07580
2306.07915
2306.07946
2306.07954
2306.07967
2306.07970
2306.08129
2306.08133
2306.08161
2306.08205
2306.08276
2306.08651
2306.08707
2306.08997
2306.09109
2306.09296
2306.09316
2306.09349
2306.09539
2306.09635
2306.09682
2306.09896
2306.10453
2306.10763
2306.10900
2306.11644
2306.11719
2306.11895
2306.12422
2306.12672
2306.12760
2306.12929
2306.13078
2306.13455
2306.13631
2306.13891
2306.14035
2306.14153
2306.14795
2306.14824
2306.14846
2306.14878
2306.15033
2306.15354
2306.15626
2306.15794
2306.16052
2306.16527
2306.16934
2306.17107
2306.17156
2306.17194
2306.17582
2306.17843
2306.17848
2307.00117
2307.00716
2307.01928
2307.02245
2307.02321
2307.02421
2307.02469
2307.02483
2307.02485
2307.02486
2307.03109
2307.03172
2307.03190
2307.03718
2307.03875
2307.03917
2307.04349
2307.04603
2307.04699
2307.04721
2307.04787
2307.04964
2307.05432
2307.05463
2307.05628
2307.05973
2307.06018
2307.06135
2307.06304
2307.06439
2307.06908
2307.06925
2307.06940
2307.06962
2307.07487
2307.07511
2307.07663
2307.07947
2307.08041
2307.08579
2307.08581
2307.08621
2307.08674
2307.08691
2307.08701
2307.08702
2307.09009
2307.09112
2307.09288
2307.09320
2307.09458
2307.09668
2307.09781
2307.09793
2307.10088
2307.10159
2307.10169
2307.10173
2307.10188
2307.10350
2307.10373
2307.10635
2307.10802
2307.10936
2307.11078
2307.11118
2307.11418
2307.11526
2307.11768
2307.11795
2307.12560
2307.12612
2307.12698
2307.12854
2307.12856
2307.12981
2307.13101
2307.13226
2307.13383
2307.13692
2307.13702
2307.13720
2307.13813
2307.13908
2307.13924
2307.13974
2307.14008
2307.14225
2307.14334
2307.14335
2307.14460
2307.14535
2307.14620
2307.14936
2307.15042
2307.15063
2307.15131
2307.15189
2307.15199
2307.15217
2307.15504
2307.15771
2307.15818
2307.16125
2307.16372
2307.16560
2307.16686
2307.16715
2308.00113
2308.00436
2308.00675
2308.00906
2308.01300
2308.01317
2308.01320
2308.01379
2308.01390
2308.01477
2308.01499
2308.01544
2308.01546
2308.01734
2308.01825
2308.01904
2308.01907
2308.01937
2308.02180
2308.02453
2308.02487
2308.02510
2308.02560
2308.03028
2308.03280
2308.03281
2308.03290
2308.03291
2308.03296
2308.03526
2308.03610
2308.03757
2308.03958
2308.04014
2308.04079
2308.04556
2308.04592
2308.04623
2308.05221
2308.05326
2308.05371
2308.05374
2308.05732
2308.05737
2308.05884
2308.05938
2308.05960
2308.06103
2308.06125
2308.06721
2308.06912
2308.07228
2308.07286
2308.07316
2308.07395
2308.07795
2308.07891
2308.07903
2308.07921
2308.07968
2308.08089
2308.08258
2308.08545
2308.08667
2308.12966
2308.13404
2308.13416
2308.13418
2308.13494
2308.13785
2308.15560
2308.15930
2308.15975
2308.16185
2308.16246
2308.16271
2308.16369
2308.16582
2308.16824
2309.00035
2309.00398
2309.00610
2309.00615
2309.00754
2309.00775
2309.00908
2309.00966
2309.00986
2309.00987
2309.01775
2309.01826
2309.02040
2309.02186
2309.02285
2309.02420
2309.02591
2309.03130
2309.03185
2309.03241
2309.03450
2309.03549
2309.03550
2309.03895
2309.03897
2309.03903
2309.03905
2309.03907
2309.03926
2309.04247
2309.04269
2309.04354
2309.04564
2309.04581
2309.04662
2309.04663
2309.04827
2309.05463
2309.05689
2309.05793
2309.05803
2309.05927
2309.06126
2309.06180
2309.06440
2309.06441
2309.06497
2309.06802
2309.06895
2309.07062
2309.07122
2309.07125
2309.07314
2309.07462
2309.07749
2309.07900
2309.07970
2309.07973
2309.07974
2309.07986
2309.08210
2309.08520
2309.08600
2309.08646
2309.08773
2309.08804
2309.08827
2309.08872
2309.08968
2309.09117
2309.09390
2309.09400
2309.09843
2309.09958
2309.10020
2309.10706
2309.10707
2309.10952
2309.11197
2309.11210
2309.11495
2309.11497
2309.11674
2309.12207
2309.12424
2309.12479
2309.13041
2309.13308
2309.13356
2309.14322
2309.14509
2309.15091
2309.15098
2309.15103
2309.15426
2309.15505
2309.15564
2309.15807
2309.16020
2309.16039
2309.16235
2309.16429
2309.16534
2309.16650
2309.17102
2309.17395
2309.17425
2310.00091
2310.00239
2310.00426
2310.00704
2310.00800
2310.01382
2310.01407
2310.01596
2310.02074
2310.02255
2310.02943
2310.03015
2310.03094
2310.03214
2310.03502
2310.03704
2310.03714
2310.03731
2310.03734
2310.03739
2310.04869
2310.05886
2310.06165
2310.06771
2310.06786
2310.06837
2310.07699
2310.07805
2310.07889
2310.08465
2310.08541
2310.08579
2310.08587
2310.08740
2310.09139
2310.09263
2310.09342
2310.09478
2310.09753
2310.09983
2310.10047
2310.10537
2310.10625
2310.10645
2310.10769
2310.10837
2310.10944
2310.10971
2310.11248
2310.11408
2310.11441
2310.11448
2310.11453
2310.11454
2310.11954
2310.12036
2310.12109
2310.12274
2310.12371
2310.12474
2310.12773
2310.12823
2310.12962
2310.12963
2310.13012
2310.13040
2310.13065
2310.13119
2310.13225
2310.13268
2310.13355
2310.13545
2310.13639
2310.13730
2310.13961
2310.14108
2310.14495
2310.14573
2310.15008
2310.15111
2310.15144
2310.15154
2310.15169
2310.15200
2310.15337
2310.15511
2310.15916
2310.15987
2310.16167
2310.16534
2310.16656
2310.16764
2310.16795
2310.16818
2310.16825
2310.16832
2310.16836
2310.17075
2310.17157
2310.17303
2310.17680
2310.17750
2310.17752
2310.17784
2310.17880
2310.18168
2310.18186
2310.18356
2310.18547
2310.18660
2310.18780
2310.19019
2310.19061
2310.19341
2310.19415
2310.19512
2310.19773
2310.19784
2310.19909
2310.20499
2310.20550
2310.20624
2310.20700
2310.20703
2310.20707
2311.00047
2311.00059
2311.00257
2311.00272
2311.00430
2311.00522
2311.00571
2311.00613
2311.00618
2311.00895
2311.00899
2311.00945
2311.01455
2311.01462
2311.01615
2311.01767
2311.02077
2311.02303
2311.02382
2311.02462
2311.02542
2311.02772
2311.02848
2311.02849
2311.03079
2311.03226
2311.03354
2311.03356
2311.03517
2311.03629
2311.03736
2311.04124
2311.04145
2311.04155
2311.04212
2311.04219
2311.04254
2311.04257
2311.04287
2311.04391
2311.04901
2311.04931
2311.05332
2311.05437
2311.05556
2311.05640
2311.05707
2311.05770
2311.05772
2311.05884
2311.05908
2311.06158
2311.06242
2311.06382
2311.06430
2311.06477
2311.06495
2311.06697
2311.06720
2311.06772
2311.06783
2311.07069
2311.07361
2311.07446
2311.07562
2311.07575
2311.07587
2311.07590
2311.07689
2311.07885
2311.07911
2311.07961
2311.08370
2311.08401
2311.08403
2311.08552
2311.08581
2311.08667
2311.08692
2311.08734
2311.08877
2311.09179
2311.09217
2311.09221
2311.09227
2311.09257
2311.09277
2311.09467
2311.09528
2311.09571
2311.09578
2311.10091
2311.10111
2311.10123
2311.10125
2311.10237
2311.10642
2311.10678
2311.10702
2311.10708
2311.10768
2311.10770
2311.10775
2311.10982
2311.11045
2311.11077
2311.11243
2311.11284
2311.11315
2311.11501
2311.11829
2311.11973
2311.12015
2311.12022
2311.12024
2311.12092
2311.12454
2311.12908
2311.12983
2311.13073
2311.13141
2311.13231
2311.13601
2311.14125
2311.15951
2311.16502
2311.17179
2311.17261
2311.17311
2311.17984
2311.18168
2311.18237
2312.00079
2312.00109
2312.00164
2312.00252
2312.00330
2312.00375
2312.00438
2312.00575
2312.00777
2312.00845
2312.01279
2312.01407
2312.01409
2312.01531
2312.01532
2312.01541
2312.01552
2312.01663
2312.02133
2312.02142
2312.02155
2312.02189
2312.02696
2312.02970
2312.03160
2312.03461
2312.03491
2312.03687
2312.03704
2312.03793
2312.03818
2312.03913
2312.04333
2312.04410
2312.04461
2312.04483
2312.04515
2312.04543
2312.04566
2312.04724
2312.04837
2312.05187
2312.06149
2312.06353
2312.06661
2312.07504
2312.08136
2312.08578
2312.08688
2312.08723
2312.08889
2312.08926
2312.09109
2312.09158
2312.09237
2312.09241
2312.09246
2312.09251
2312.09252
2312.09256
2312.09300
2312.09608
2312.10003
2312.10029
2312.10300
2312.10359
2312.10540
2312.10835
2312.11392
2312.11396
2312.11458
2312.11462
2312.11805
2312.11841
2312.12030
2312.12423
2312.12436
2312.12491
2312.12791
2312.12865
2312.13252
2312.13271
2312.13314
2312.13324
2312.13528
2312.13578
2312.13763
2312.13771
2312.13834
2312.13980
2312.14091
2312.14140
2312.14198
2312.14216
2312.14232
2312.14327
2312.14878
2312.15011
2312.15980
2312.16145
2312.16486
2312.16837
2312.17243
2312.17276
2312.17661
2312.17681
2401.00134
2401.00604
2401.01055
2401.01335
2401.01647
2401.01702
2401.01755
2401.01792
2401.01974
2401.02072
2401.02823
2401.02839
2401.02987
2401.03804
2401.04088
2401.04099
2401.04283
2401.04468
2401.04575
2401.04577
2401.04658
2401.04695
2401.05293
2401.05314
2401.05334
2401.05391
2401.05811
2401.06003
2401.06102
2401.06105
2401.06761
2401.06951
2401.07049
2401.07519
2401.07595
2401.07727
2401.07781
2401.08525
2401.08541
2401.08937
2401.08967
2401.09047
2401.09135
2401.09416
2401.09865
2401.09962
2401.10032
2401.10166
2401.10222
2401.10822
2401.11078
2401.11181
2401.11739
2401.11944
2401.11985
2401.12068
2401.12168
2401.12187
2401.12208
2401.12474
2401.13303
2401.13388
2401.13923
2401.14019
2401.14066
2401.14196
2401.14257
2401.14391
2401.14403
2401.14405
2401.15024
2401.15071
2401.15687
2401.15688
2401.15947
2401.15975
2401.15977
2401.16158
2401.16420
2401.16658
2401.17093
2401.17181
2401.17221
2401.17256
2401.17268
2401.17464
2401.17509
2401.17895
2401.18058
2402.00159
2402.00413
2402.00518
2402.00658
2402.00769
2402.00786
2402.00849
2402.00854
2402.00867
2402.01391
2402.01521
2402.02583
2402.02998
2402.03040
2402.03286
2402.03310
2402.03714
2402.03749
2402.03766
2402.03804
2402.03908
2402.03928
2402.04141
2402.04229
2402.04248
2402.04252
2402.04925
2402.05008
2402.05054
2402.05195
2402.05403
2402.05468
2402.05472
2402.05546
2402.05935
2402.05937
2402.06082
2402.06332
2402.06619
2402.06852
2402.07319
2402.07440
2402.07456
2402.07610
2402.07821
2402.07827
2402.07841
2402.07872
2402.07896
2402.08093
2402.08303
2402.08451
2402.08622
2402.08644
2402.08654
2402.08678
2402.08682
2402.08714
2402.08733
2402.08855
2402.08958
2402.09052
2402.09247
2402.09371
2402.09668
2402.09727
2402.10137
2402.10171
2402.10176
2402.10210
2402.10259
2402.10294
2402.10555
2402.10893
2402.11248
2402.11450
2402.11690
2402.12377
2402.12422
2402.12479
2402.12712
2402.13573
2402.13577
2402.13720
2402.14020
2402.14167
2402.14327
2402.14396
2402.14654
2402.14792
2402.14810
2402.14904
2402.14905
2402.15220
2402.15509
2402.16107
2402.16444
2402.16671
2402.16822
2402.16837
2402.17412
2402.17427
2402.17463
2402.17759
2402.18796
2402.18842
2402.19155
2403.01444
2403.01585
2403.01823
2403.02460
2403.03071
2403.03163
2403.03194
2403.03346
2403.03954
2403.04634
2403.05438
2403.05490
2403.05530
2403.06009
2403.06412
2403.06504
2403.06634
2403.08144
2403.08177
2403.08268
2403.08715
2403.08763
2403.08773
2403.08819
2403.09029
2403.09338
2403.09611
2403.09622
2403.09629
2403.10301
2403.10395
2403.10425
2403.10615
2403.11481
2403.11781
2403.11901
2403.12008
2403.12365
2403.12409
2403.12596
2403.12906
2403.12962
2403.13501
2403.13793
2403.14599
2403.14734
2403.15385
2403.15447
2403.15484
2403.17001
2403.17804
2403.17834
2403.17920
2403.18783
2403.18802
2403.19046
2403.19928
2403.20041
2403.20331
2404.00456
2404.00488
2404.00987
2404.00995
2404.01197
2404.01258
2404.01292
2404.01294
2404.01300
2404.01475
2404.01617
2404.02514
2404.02575
2404.03411
2404.03592
2404.03715
2404.03820
2404.04125
2404.04256
2404.04439
2404.04465
2404.05674
2404.05717
2404.05719
2404.05892
2404.05971
2404.06395
2404.06773
2404.06780
2404.07097
2404.07143
2404.07544
2404.07724
2404.07972
2404.07979
2404.08252
2404.08495
2404.08634
2404.08636
2404.08639
2404.09833
2404.09990
2404.10201
2404.12195
2404.12241
2404.12318
2404.12390
2404.12753
2404.12803
2404.14047
2404.14239
2404.14394
2404.14507
2404.14700
2404.14994
2404.15789
2404.16014
2404.16029
2404.16221
2404.16375
2404.16816
2404.16820
2404.17569
2404.18928
2404.19205
2404.19296
2404.19427
2404.19525
2404.19553
2404.19702
2404.19737
2404.19753
2404.19758
2404.19760
2405.00029
2405.00263
2405.00983
2405.01702
2405.03689
2405.04407
2405.07913
2405.08260
2405.08295
2405.08707
2405.08719
2405.09220
2405.09874
2405.10315
2405.10938
2405.11919
2405.12970
2405.12979
2405.14105
2405.14295
2405.14477
2405.14573
2405.14677
2405.14857
2405.14871
2405.14906
2405.15216
2405.15319
2405.16287
2405.16888
2405.17976
2405.17991
2405.18047
2405.18144
2405.18407
2405.18424
2405.18991
2405.19107
2405.19265
2405.19331
2405.19332
2405.19856
2405.20202
2405.20204
2405.21048
2405.21060
2406.00551
2406.00908
2406.01300
2406.01493
2406.02265
2406.02507
2406.02543
2406.02844
2406.03274
2406.03520
2406.04151
2406.04240
2406.04271
2406.04320
2406.04391
2406.04449
2406.04604
2406.04975
2406.05061
2406.05338
2406.05761
2406.05928
2406.06354
2406.06424
2406.06462
2406.06573
2406.06592
2406.06729
2406.06761
2406.07057
2406.07230
2406.07234
2406.07436
2406.07472
2406.07547
2406.08207
2406.08316
2406.08418
2406.08446
2406.08479
2406.08487
2406.08707
2406.08845
2406.08862
2406.08920
2406.09622
2406.09627
2406.09900
2406.10210
2406.10400
2406.10478
2406.10900
2406.10906
2406.11194
2406.11202
2406.11410
2406.11430
2406.11775
2406.11794
2406.11831
2406.11840
2406.12042
2406.12045
2406.12292
2406.12303
2406.12433
2406.12564
2406.12649
2406.12753
2406.12831
2406.13099
2406.13663
2406.13735
2406.14035
2406.14051
2406.14213
2406.14347
2406.14562
2406.14563
2406.14629
2406.14783
2406.14805
2406.14835
2406.14938
2406.15275
2406.15279
2406.15349
2406.16048
2406.16321
2406.16683
2406.16690
2406.16815
2406.16855
2406.16860
2406.16863
2406.16979
2406.17055
2406.17294
2406.17513
2406.17565
2406.18125
2406.18284
2406.18518
2406.18521
2406.18530
2406.18676
2406.19314
2406.19578
2406.19803
2406.20060
2407.00653
2407.01100
2407.01392
2407.01492
2407.01519
2407.01906
2407.02398
2407.02477
2407.02551
2407.02552
2407.02687
2407.02855
2407.02880
2407.03300
2407.03471
2407.03475
2407.03923
2407.03958
2407.04069
2407.04078
2407.04172
2407.04363
2407.04841
2407.05131
2407.05528
2407.05530
2407.05975
2407.06027
2407.06076
2407.06189
2407.06304
2407.06397
2407.06581
2407.06938
2407.07080
2407.07176
2407.07304
2407.07829
2407.08083
2407.08674
2407.08701
2407.08733
2407.08770
2407.09072
2407.09473
2407.09533
2407.10223
2407.10285
2407.10457
2407.10943
2407.10954
2407.10956
2407.10973
2407.11385
2407.11394
2407.11666
2407.12327
2407.12366
2407.12504
2407.12581
2407.12665
2407.12772
2407.12883
2407.13218
2407.13481
2407.13559
2407.13696
2407.13739
2407.14931
2407.14933
2407.15017
2407.15187
2407.15295
2407.15420
2407.15595
2407.15762
2407.15815
2407.15835
2407.15841
2407.15848
2407.16291
2407.16312
2407.16318
2407.16412
2407.16604
2407.16655
2407.16988
2407.17353
2407.17365
2407.17470
2407.17535
2407.17952
2407.18245
2407.18887
2407.18901
2407.18907
2407.18914
2407.19142
2407.19340
2407.19548
2407.19914
2407.20171
2407.20272
2407.20595
2407.21475
2407.21770
2407.21781
2407.21783
2408.00584
2408.00653
2408.00690
2408.01031
2408.01367
2408.02373
2408.02545
2408.02629
2408.02657
2408.02718
2408.03178
2408.03281
2408.03284
2408.03356
2408.03361
2408.03541
2408.03615
2408.03695
2408.03837
2408.03900
2408.04034
2408.04520
2408.04619
2408.04810
2408.05366
2408.05506
2408.06072
2408.06316
2408.06327
2408.06396
2408.06481
2408.06941
2408.07009
2408.07055
2408.07089
2408.07410
2408.07852
2408.08000
2408.08072
2408.08435
2408.08441
2408.08793
2408.08926
2408.09702
2408.09787
2408.09858
2408.10198
2408.10446
2408.10701
2408.10906
2408.11001
2408.11146
2408.11527
2408.11706
2408.11727
2408.11745
2408.11813
2408.11817
2408.11857
2408.12060
2408.12114
2408.12282
2408.12369
2408.13010
2408.13106
2408.13233
2408.13402
2408.13413
2408.13423
2408.13674
2408.13933
2408.14211
2408.14572
2408.14805
2408.14906
2408.15239
2408.15300
2408.15496
2408.15792
2408.15836
2408.15915
2408.15991
2408.15995
2408.16046
2408.16061
2408.16245
2408.16500
2408.17024
2408.17131
2408.17253
2409.00138
2409.00509
2409.00558
2409.00844
2409.00921
2409.01322
2409.01392
2409.02392
2409.03215
2409.03650
2409.04431
2409.04593
2409.05152
2409.06135
2409.06594
2409.06633
2409.06957
2409.07146
2409.07239
2409.07703
2409.08199
2409.08270
2409.08514
2409.08692
2409.09067
2409.09269
2409.09323
2409.09502
2409.10787
2409.10788
2409.10791
2409.10836
2409.11055
2409.11074
2409.11211
2409.11315
2409.11369
2409.11372
2409.11901
2409.12134
2409.12136
2409.12181
2409.12640
2409.12892
2409.12917
2409.12960
2409.13191
2409.13592
2409.13648
2409.13926
2409.14664
2409.14677
2409.14713
2409.15127
2409.15273
2409.15997
2409.16299
2409.16629
2409.16686
2409.17106
2409.17280
2409.17422
2409.17545
2409.17565
2409.17580
2409.18747
2409.18786
2409.18839
2409.18869
2409.18957
2409.18964
2409.19020
2409.19339
2409.19606
2409.19715
2409.19951
2409.19952
2409.20059
2409.20563
2409.20566
2410.00086
2410.00418
2410.01044
2410.01463
2410.01518
2410.01679
2410.01680
2410.01723
2410.01769
2410.01968
2410.01999
2410.02103
2410.02108
2410.02115
2410.02140
2410.02147
2410.02197
2410.02416
2410.02426
2410.02458
2410.02503
2410.02707
2410.02743
2410.02884
2410.03027
2410.03160
2410.03399
2410.03437
2410.03535
2410.03645
2410.03727
2410.03735
2410.04295
2410.04422
2410.04717
2410.04734
2410.04751
2410.04808
2410.04932
2410.05076
2410.05258
2410.05416
2410.05591
2410.05603
2410.05873
2410.06025
2410.06264
2410.06273
2410.06462
2410.06468
2410.06524
2410.06555
2410.06593
2410.06985
2410.07035
2410.07062
2410.07095
2410.07113
2410.07155
2410.07160
2410.07167
2410.07171
2410.07177
2410.07677
2410.07752
2410.07815
2410.07869
2410.08001
2410.08102
2410.08165
2410.08193
2410.08261
2410.08421
2410.09008
2410.09019
2410.09037
2410.09347
2410.09407
2410.09584
2410.09704
2410.09724
2410.09732
2410.09745
2410.10102
2410.10190
2410.10626
2410.10630
2410.10672
2410.10774
2410.10792
2410.10801
2410.10812
2410.10846
2410.11711
2410.11795
2410.11805
2410.11963
2410.12183
2410.12381
2410.12405
2410.12409
2410.12491
2410.12784
2410.12787
2410.12791
2410.12937
2410.13085
2410.13198
2410.13268
2410.13370
2410.13394
2410.13726
2410.13754
2410.13785
2410.13804
2410.13824
2410.13828
2410.13830
2410.13832
2410.14086
2410.14649
2410.14672
2410.14940
2410.15002
2410.15316
2410.15522
2410.15926
2410.16184
2410.16198
2410.16215
2410.16256
2410.16259
2410.16271
2410.17131
2410.17215
2410.17241
2410.17247
2410.17250
2410.17655
2410.18013
2410.18362
2410.18441
2410.18490
2410.18538
2410.18565
2410.18785
2410.18958
2410.18977
2410.19133
2410.19456
2410.19482
2410.20088
2410.20220
2410.20290
2410.20636
2410.20672
2410.20779
2410.21220
2410.21411
2410.21666
2410.22330
2410.22349
2410.22366
2410.22377
2410.22476
2410.22884
2410.23054
2410.23266
2410.23609
2410.23698
2410.23743
2410.23918
2410.23933
2410.24019
2410.24218
2411.00023
2411.00030
2411.00233
2411.00322
2411.00369
2411.00492
2411.00664
2411.00680
2411.00762
2411.01602
2411.01798
2411.02394
2411.02395
2411.02657
2411.02844
2411.03047
2411.03562
2411.03590
2411.03884
2411.04105
2411.04205
2411.04496
2411.04752
2411.04928
2411.04996
2411.05001
2411.05197
2411.05902
2411.05966
2411.06176
2411.06424
2411.06469
2411.06481
2411.06559
2411.07126
2411.07133
2411.07180
2411.08328
2411.09213
2411.09678
2411.09944
2411.10083
2411.10440
2411.11045
2411.11296
2411.11909
2411.12240
2411.12275
2411.13082
2411.13513
2411.13632
2411.14251
2411.14402
2411.14486
2411.14525
2411.14708
2411.14721
2411.14740
2411.14974
2411.15221
2411.15241
2411.15466
2411.15640
2411.15671
2411.16173
2411.16205
2411.16508
2411.16754
2411.16801
2411.17188
2411.17223
2411.17459
2411.18092
2411.18350
2411.18412
2411.18499
2411.18664
2411.18676
2411.18915
2411.19103
2411.19189
2411.19309
2411.19379
2411.19415
2411.19542
2411.19574
2411.19870
2412.00869
2412.00947
2412.01064
2412.01339
2412.01558
2412.01820
2412.01824
2412.02164
2412.03085
2412.03304
2412.03515
2412.03517
2412.03565
2412.03572
2412.03895
2412.04139
2412.04144
2412.04146
2412.04363
2412.04378
2412.04418
2412.04440
2412.04454
2412.04462
2412.04626
2412.04887
2412.05148
2412.05196
2412.05270
2412.05467
2412.05479
2412.05718
2412.06071
2412.06089
2412.06464
2412.06531
2412.06559
2412.06592
2412.06753
2412.07187
2412.07334
2412.07583
2412.07589
2412.07724
2412.07759
2412.07760
2412.08686
2412.08687
2412.08737
2412.08972
2412.09349
2412.09405
2412.09465
2412.09593
2412.09605
2412.09619
2412.09624
2412.09648
2412.09694
2412.09982
2412.10208
2412.10447
2412.10533
2412.10631
2412.10704
2412.11276
2412.11457
2412.11689
2412.11713
2412.11768
2412.11834
2412.11963
2412.11974
2412.12083
2412.12098
2412.12527
2412.12877
2412.13147
2412.13501
2412.13649
2412.14042
2412.14123
2412.14168
2412.14172
2412.14396
2412.14470
2412.14689
2412.15115
2412.15204
2412.15216
2412.15443
2412.15797
2412.16145
2412.17153
2412.17295
2412.17451
2412.17743
2412.17762
2412.17780
2412.17847
2412.17998
2412.18176
2412.18609
2412.18619
2412.18653
2412.18925
2412.19412
2412.19512
2412.19638
2412.19645
2412.20005
2412.20631
2412.20750
2412.21015
2412.21140
2412.21206
2501.00316
2501.00656
2501.00658
2501.00712
2501.00910
2501.01264
2501.01821
2501.02088
2501.02170
2501.02376
2501.02423
2501.02532
2501.02902
2501.02976
2501.03059
2501.03124
2501.03226
2501.03271
2501.03337
2501.03803
2501.03931
2501.03936
2501.04001
2501.04003
2501.04227
2501.04258
2501.04377
2501.04403
2501.04459
2501.04652
2501.04682
2501.04828
2501.04930
2501.05032
2501.05122
2501.05309
2501.05351
2501.05419
2501.05421
2501.05440
2501.05542
2501.05561
2501.06024
2501.06074
2501.06187
2501.06263
2501.06269
2501.06282
2501.06318
2501.06422
2501.06426
2501.06590
2501.06664
2501.06708
2501.06851
2501.06882
2501.07088
2501.07188
2501.07301
2501.07330
2501.07362
2501.07540
2501.07572
2501.07574
2501.08022
2501.08052
2501.08080
2501.08120
2501.08197
2501.08292
2501.08313
2501.08316
2501.08365
2501.08828
2501.08951
2501.08983
2501.09038
2501.09258
2501.09484
2501.09706
2501.09755
2501.10021
2501.10132
2501.10283
2501.10506
2501.10535
2501.10687
2501.11121
2501.11325
2501.11759
2501.11768
2501.11771
2501.11779
2501.11873
2501.12084
2501.12149
2501.12215
2501.12273
2501.12326
2501.12596
2501.12641
2501.12689
2501.12948
2501.13131
2501.13920
2501.13935
2501.13949
2501.14022
2501.14026
2501.14229
2501.14249
2501.14334
2501.14474
2501.14491
2501.14492
2501.14677
2501.14825
2501.14912
2501.14939
2501.15142
2501.15383
2501.15447
2501.15479
2501.15900
2501.15975
2501.16142
2501.16205
2501.16214
2501.16295
2501.16411
2501.16572
2501.16615
2501.16616
2501.16636
2501.16764
2501.16937
2501.17295
2501.18362
2501.18576
2501.18804
2501.18841
2501.19324
2502.00314
2502.00682
2502.00963
2502.00987
2502.01073
2502.01208
2502.01600
2502.01639
2502.01718
2502.01829
2502.01839
2502.01941
2502.02390
2502.02460
2502.02584
2502.02617
2502.02820
2502.02928
2502.02996
2502.03249
2502.03301
2502.03325
2502.03373
2502.03417
2502.03490
2502.03492
2502.03808
2502.03873
2502.04022
2502.04072
2502.04080
2502.04153
2502.04209
2502.04295
2502.04296
2502.04306
2502.04350
2502.04465
2502.04513
2502.05035
2502.05163
2502.05282
2502.05317
2502.05364
2502.05609
2502.05621
2502.05661
2502.05664
2502.05685
2502.05750
2502.05769
2502.05957
2502.06042
2502.06527
2502.06568
2502.06764
2502.06773
2502.06776
2502.06848
2502.06867
2502.07393
2502.07490
2502.07563
2502.07617
2502.07701
2502.07776
2502.07846
2502.08086
2502.08235
2502.08515
2502.08524
2502.08590
2502.08619
2502.08646
2502.08690
2502.08722
2502.08769
2502.08850
2502.08878
2502.09058
2502.09083
2502.09100
2502.09242
2502.09351
2502.09390
2502.09621
2502.09799
2502.09955
2502.10173
2502.10226
2502.10235
2502.10428
2502.10514
2502.10550
2502.10719
2502.10830
2502.10867
2502.10893
2502.10934
2502.10990
2502.11098
2502.11137
2502.11177
2502.11190
2502.11271
2502.11336
2502.11574
2502.11748
2502.11995
2502.12018
2502.12025
2502.12115
2502.12130
2502.12135
2502.12512
2502.12893
2502.12900
2502.12929
2502.13059
2502.13074
2502.13131
2502.13233
2502.13270
2502.13295
2502.13407
2502.13502
2502.13573
2502.13581
2502.13766
2502.13919
2502.13923
2502.13962
2502.13965
2502.13967
2502.14144
2502.14174
2502.14296
2502.14372
2502.14377
2502.14739
2502.14834
2502.14837
2502.14907
2502.14958
2502.14975
2502.15086
2502.15168
2502.15589
2502.15639
2502.15737
2502.15799
2502.15815
2502.15823
2502.15882
2502.15899
2502.16025
2502.16111
2502.16274
2502.16348
2502.16392
2502.16463
2502.16584
2502.16622
2502.16645
2502.16732
2502.16807
2502.17070
2502.17110
2502.17129
2502.17447
2502.17487
2502.17551
2502.17575
2502.17634
2502.17677
2502.17801
2502.17814
2502.17859
2502.17947
2502.17963
2502.17980
2502.18057
2502.18359
2502.18467
2502.18476
2502.18513
2502.18558
2502.18603
2502.18624
2502.18714
2502.18764
2502.18779
2502.18864
2502.18900
2502.18906
2502.18912
2502.19189
2502.19279
2502.19414
2502.19528
2502.19549
2502.19577
2502.19585
2502.19776
2502.20023
2502.20200
2502.20294
2502.20317
2502.20375
2502.20490
2502.20496
2502.20590
2502.20820
2502.20821
2502.20907
2502.21318
2503.00096
2503.00363
2503.00502
2503.00607
2503.00624
2503.00712
2503.00791
2503.01063
2503.01103
2503.01314
2503.01375
2503.01494
2503.01535
2503.01713
2503.01781
2503.01901
2503.02003
2503.02191
2503.02197
2503.02495
2503.02682
2503.02783
2503.02812
2503.02819
2503.02879
2503.02894
2503.02907
2503.02925
2503.02951
2503.02954
2503.02993
2503.03003
2503.03278
2503.03342
2503.03378
2503.03499
2503.03511
2503.03604
2503.03616
2503.03668
2503.03683
2503.03751
2503.03806
2503.03827
2503.03960
2503.03962
2503.03964
2503.04008
2503.04271
2503.04504
2503.04625
2503.04666
2503.04691
2503.04727
2503.04765
2503.04768
2503.04806
2503.04808
2503.04872
2503.04919
2503.04957
2503.04988
2503.05014
2503.05149
2503.05244
2503.05265
2503.05283
2503.05379
2503.05397
2503.05449
2503.05456
2503.05500
2503.05578
2503.05641
2503.05856
2503.05857
2503.05860
2503.05934
2503.05978
2503.06074
2503.06269
2503.06271
2503.06513
2503.06542
2503.06552
2503.06698
2503.06712
2503.06721
2503.06726
2503.06881
2503.06885
2503.06911
2503.06940
2503.06955
2503.06980
2503.07032
2503.07274
2503.07334
2503.07365
2503.07403
2503.07529
2503.07536
2503.07588
2503.07595
2503.07604
2503.07699
2503.07703
2503.07734
2503.07831
2503.07920
2503.07923
2503.08010
2503.08012
2503.08037
2503.08080
2503.08111
2503.08153
2503.08181
2503.08307
2503.08525
2503.08570
2503.08588
2503.08665
2503.08683
2503.08684
2503.08685
2503.08859
2503.08903
2503.08935
2503.09236
2503.09277
2503.09279
2503.09288
2503.09330
2503.09368
2503.09382
2503.09427
2503.09443
2503.09526
2503.09573
2503.09662
2503.09669
2503.09688
2503.09697
2503.09698
2503.09714
2503.09733
2503.09814
2503.10029
2503.10072
2503.10240
2503.10242
2503.10296
2503.10302
2503.10417
2503.10480
2503.10568
2503.10575
2503.10589
2503.10620
2503.10633
2503.10635
2503.10636
2503.10639
2503.10649
2503.10671
2503.10684
2503.10781
2503.10905
2503.10970
2503.11066
2503.11068
2503.11069
2503.11074
2503.11113
2503.11224
2503.11227
2503.11509
2503.11572
2503.11655
2503.11751
2503.11885
2503.11921
2503.11958
2503.12355
2503.12689
2503.12720
2503.12721
2503.12769
2503.12773
2503.12821
2503.12885
2503.13070
2503.13074
2503.13082
2503.13288
2503.13358
2503.13399
2503.13425
2503.13434
2503.13435
2503.13517
2503.13549
2503.13631
2503.13661
2503.13720
2503.13807
2503.14141
2503.14151
2503.14237
2503.14266
2503.14451
2503.14454
2503.14456
2503.14487
2503.14489
2503.14588
2503.14603
2503.14617
2503.14731
2503.14743
2503.14774
2503.14830
2503.14868
2503.15055
2503.15068
2503.15169
2503.15265
2503.15299
2503.15354
2503.15422
2503.15462
2503.15558
2503.15567
2503.15592
2503.15620
2503.15668
2503.15851
2503.15855
2503.16081
2503.16091
2503.16153
2503.16183
2503.16332
2503.16367
2503.16397
2503.16408
2503.16413
2503.16422
2503.16431
2503.16491
2503.16503
2503.16504
2503.16679
2503.16820
2503.16870
2503.16974
2503.17000
2503.17095
2503.17237
2503.17271
2503.17378
2503.17407
2503.17489
2503.17500
2503.17573
2503.17760
2503.17811
2503.17893
2503.17982
2503.18018
2503.18406
2503.18485
2503.18559
2503.18620
2503.18667
2503.18673
2503.18712
2503.18783
2503.18813
2503.18892
2503.18929
2503.18940
2503.18950
2503.18995
2503.19033
2503.19092
2503.19108
2503.19227
2503.19236
2503.19355
2503.19470
2503.19480
2503.19597
2503.19693
2503.19777
2503.19855
2503.19861
2503.19903
2503.19910
2503.19948
2503.19969
2503.20023
2503.20089
2503.20191
2503.20201
2503.20203
2503.20215
2503.20220
2503.20314
2503.20320
2503.20481
2503.20498
2503.20533
2503.20578
2503.20700
2503.20756
2503.20785
2503.20859
2503.20863
2503.20986
2503.20990
2503.21729
2503.21738
2503.21779
2503.21821
2503.21860
2503.22329
2503.22603
2503.22622
2503.22668
2503.22673
2503.22692
2503.22767
2503.23077
2503.23384
2503.23434
2503.23573
2503.23574
2503.23611
2503.23913
2503.24157
2503.24219
2503.24235
2503.24343
2503.24356
2503.24366
2503.24379
2503.24380
2504.00025
2504.00086
2504.00183
2504.00396
2504.00406
2504.00409
2504.00415
2504.00698
2504.00714
2504.00810
2504.00891
2504.00987
2504.01019
2504.01194
2504.01204
2504.01955
2504.01956
2504.01990
2504.02010
2504.02107
2504.02110
2504.02122
2504.02492
2504.02810
2504.02888
2504.02958
2504.03219
2504.03223
2504.03553
2504.03593
2504.03662
2504.03665
2504.03739
2504.03770
2504.03794
2504.03886
2504.03909
2504.03979
2504.04096
2504.04108
2504.04152
2504.04155
2504.04186
2504.04304
2504.04420
2504.04468
2504.04558
2504.05106
2504.05179
2504.05202
2504.05232
2504.05255
2504.05287
2504.05288
2504.05303
2504.05523
2504.05535
2504.05562
2504.05579
2504.05584
2504.05594
2504.05741
2504.05782
2504.05897
2504.05979
2504.05993
2504.06072
2504.06118
2504.06148
2504.06196
2504.06211
2504.06232
2504.06496
2504.06498
2504.06614
2504.06719
2504.06752
2504.06801
2504.06854
2504.06947
2504.06949
2504.07079
2504.07081
2504.07089
2504.07090
2504.07096
2504.07110
2504.07114
2504.07128
2504.07149
2504.07178
2504.07197
2504.07357
2504.07512
2504.07517
2504.07817
2504.07862
2504.07866
2504.07899
2504.07951
2504.07956
2504.07959
2504.07960
2504.08053
2504.08066
2504.08243
2504.08250
2504.08302
2504.08584
2504.08591
2504.08635
2504.08716
2504.08727
2504.08902
2504.09081
2504.09137
2504.09227
2504.09246
2504.09422
2504.09518
2504.09643
2504.09699
2504.09763
2504.09858
2504.10068
2504.10081
2504.10277
2504.10342
2504.10414
2504.10419
2504.10430
2504.10483
2504.10514
2504.10693
2504.10757
2504.10880
2504.11001
2504.11092
2504.11186
2504.11375
2504.11409
2504.11456
2504.11668
2504.11730
2504.12027
2504.12157
2504.12247
2504.12264
2504.12320
2504.12322
2504.12397
2504.12459
2504.12501
2504.12553
2504.12563
2504.12572
2504.12685
2504.12852
2504.12946
2504.13068
2504.13099
2504.13122
2504.13125
2504.13145
2504.13162
2504.13180
2504.13181
2504.13187
2504.13203
2504.13263
2504.13367
2504.13385
2504.13486
2504.13519
2504.13572
2504.13626
2504.13677
2504.13771
2504.13828
2504.14005
2504.14029
2504.14053
2504.14061
2504.14202
2504.14286
2504.14295
2504.14396
2504.14444
2504.14462
2504.14480
2504.14651
2504.14739
2504.14849
2504.14899
2504.14945
2504.14977
2504.15206
2504.15253
2504.15254
2504.15266
2504.15376
2504.15415
2504.15464
2504.15466
2504.15495
2504.15523
2504.15524
2504.15716
2504.15777
2504.15900
2504.15903
2504.15966
2504.16008
2504.16027
2504.16072
2504.16074
2504.16084
2504.16145
2504.16161
2504.16223
2504.16266
2504.16283
2504.16353
2504.16427
2504.16431
2504.16489
2504.16794
2504.16891
2504.16927
2504.16929
2504.16942
2504.17097
2504.17130
2504.17181
2504.17207
2504.17212
2504.17258
2504.17688
2504.17758
2504.17800
2504.17821
2504.17857
2504.17881
2504.17920
2504.17928
2504.17993
2504.18087
2504.18113
2504.18202
2504.18400
2504.18412
2504.18428
2504.18622
2504.18725
2504.18726
2504.18919
2504.18971
2504.19043
2504.19048
2504.19210
2504.19270
2504.19298
2504.19394
2504.19416
2504.19651
2504.19724
2504.19838
2504.19870
2504.19894
2504.19986
2504.20012
2504.20023
2504.20042
2504.20114
2504.20133
2504.20157
2504.20276
2504.20327
2504.20338
2504.20438
2504.20534
2504.20547
2504.20590
2504.20595
2504.20630
2504.20708
2504.21117
2504.21318
2504.21334
2504.21467
2504.21838
2504.21849
2505.00023
2505.00080
2505.00175
2505.00212
2505.00234
2505.00272
2505.00358
2505.00534
2505.00562
2505.00612
2505.01043
2505.01079
2505.01538
2505.01658
2505.02005
2505.02094
2505.02309
2505.02311
2505.02363
2505.02370
2505.02391
2505.02393
2505.02489
2505.02686
2505.02707
2505.02735
2505.02872
2505.02922
2505.03052
2505.03059
2505.03164
2505.03269
2505.03332
2505.03422
2505.03469
2505.03538
2505.03735
2505.03777
2505.03782
2505.03786
2505.03859
2505.03864
2505.04110
2505.04475
2505.04524
2505.04606
2505.04620
2505.04640
2505.04654
2505.04698
2505.04767
2505.04918
2505.04921
2505.04940
2505.04955
2505.05300
2505.05422
2505.05467
2505.05469
2505.05501
2505.05553
2505.05554
2505.05621
2505.05623
2505.05660
2505.05678
2505.06027
2505.06046
2505.06108
2505.06176
2505.06355
2505.06356
2505.06437
2505.06643
2505.06685
2505.07058
2505.07062
2505.07085
2505.07086
2505.07202
2505.07280
2505.07291
2505.07293
2505.07393
2505.07416
2505.07447
2505.07491
2505.07596
2505.07608
2505.07665
2505.07759
2505.07796
2505.07850
2505.07924
2505.08034
2505.08135
2505.08148
2505.08167
2505.08202
2505.08468
2505.08581
2505.08665
2505.08712
2505.08727
2505.08751
2505.08762
2505.09019
2505.09074
2505.09171
2505.09263
2505.09407
2505.09439
2505.09462
2505.09501
2505.09509
2505.09652
2505.09662
2505.09823
2505.09846
2505.09958
2505.10185
2505.10251
2505.10321
2505.10440
2505.10468
2505.10475
2505.10527
2505.10554
2505.10557
2505.10562
2505.10592
2505.10717
2505.10769
2505.10860
2505.10865
2505.10879
2505.10962
2505.11011
2505.11040
2505.11141
2505.11152
2505.11315
2505.11318
2505.11427
2505.11454
2505.11754
2505.11820
2505.11847
2505.11932
2505.11966
2505.12151
2505.12257
2505.12265
2505.12373
2505.12504
2505.12849
2505.13033
2505.13138
2505.13227
2505.13343
2505.13380
2505.13417
2505.13426
2505.13427
2505.13488
2505.13511
2505.13547
2505.13559
2505.13637
2505.13731
2505.13946
2505.14157
2505.14178
2505.14256
2505.14302
2505.14348
2505.14395
2505.14467
2505.14556
2505.14604
2505.14674
2505.15270
2505.15431
2505.15517
2505.15524
2505.15656
2505.15765
2505.15801
2505.15805
2505.15809
2505.15813
2505.15816
2505.15817
2505.15865
2505.15889
2505.15896
2505.15916
2505.15952
2505.16048
2505.16056
2505.16092
2505.16122
2505.16151
2505.16181
2505.16265
2505.16293
2505.16381
2505.16410
2505.16459
2505.16500
2505.16619
2505.16637
2505.16707
2505.16854
2505.16864
2505.16886
2505.16925
2505.16944
2505.16961
2505.16967
2505.17019
2505.17082
2505.17091
2505.17106
2505.17112
2505.17166
2505.17225
2505.17285
2505.17332
2505.17399
2505.17508
2505.17538
2505.17558
2505.17586
2505.17667
2505.17702
2505.17826
2505.17827
2505.17870
2505.17894
2505.17952
2505.17964
2505.17967
2505.18019
2505.18059
2505.18078
2505.18092
2505.18109
2505.18125
2505.18128
2505.18227
2505.18244
2505.18260
2505.18486
2505.18786
2505.18874
2505.18879
2505.18927
2505.18978
2505.19000
2505.19001
2505.19011
2505.19103
2505.19209
2505.19223
2505.19253
2505.19339
2505.19427
2505.19457
2505.19513
2505.19630
2505.19815
2505.19914
2505.20047
2505.20088
2505.20223
2505.20256
2505.20258
2505.20276
2505.20286
2505.20295
2505.20325
2505.20439
2505.20483
2505.20589
2505.20640
2505.20698
2505.20777
2505.20873
2505.20914
2505.21114
2505.21115
2505.21136
2505.21179
2505.21308
2505.21333
2505.21478
2505.21493
2505.21724
2505.21749
2505.21772
2505.21864
2505.21960
2505.22172
2505.22238
2505.22312
2505.22334
2505.22613
2505.22759
2505.22765
2505.22810
2505.22854
2505.22873
2505.22960
2505.22988
2505.23061
2505.23253
2505.23416
2505.23502
2505.23530
2505.23559
2505.23564
2505.23604
2505.23620
2505.23625
2505.23691
2505.23745
2505.23754
2505.23756
2505.23762
2505.23764
2505.23815
2505.23831
2505.23832
2505.23923
2505.23941
2505.23977
2505.24086
2505.24092
2505.24098
2505.24246
2505.24273
2505.24293
2505.24362
2505.24581
2505.24615
2505.24689
2505.24760
2505.24842
2505.24862
2505.24871
2506.00132
2506.00155
2506.00165
2506.00180
2506.00189
2506.00202
2506.00227
2506.00291
2506.00298
2506.00305
2506.00309
2506.00320
2506.00411
2506.00469
2506.00482
2506.00512
2506.00523
2506.00594
2506.00629
2506.00671
2506.00733
2506.00762
2506.00981
2506.00996
2506.01062
2506.01257
2506.01371
2506.01391
2506.01484
2506.01669
2506.01709
2506.01713
2506.01774
2506.01789
2506.01793
2506.01804
2506.01827
2506.01863
2506.01881
2506.01896
2506.01928
2506.01952
2506.01956
2506.02126
2506.02188
2506.02251
2506.02281
2506.02294
2506.02298
2506.02384
2506.02454
2506.02528
2506.02592
2506.02627
2506.02680
2506.02720
2506.02763
2506.02864
2506.02921
2506.03077
2506.03094
2506.03119
2506.03231
2506.03238
2506.03295
2506.03309
2506.03355
2506.03448
2506.03525
2506.03566
2506.03621
2506.03690
2506.03857
2506.03870
2506.03951
2506.03968
2506.04036
2506.04043
2506.04061
2506.04141
2506.04142
2506.04180
2506.04228
2506.04245
2506.04309
2506.04356
2506.04405
2506.04598
2506.04614
2506.04688
2506.04755
2506.04761
2506.04968
2506.04996
2506.05046
2506.05080
2506.05287
2506.05309
2506.05332
2506.05336
2506.05345
2506.05415
2506.05433
2506.05499
2506.05514
2506.05523
2506.05579
2506.05899
2506.06009
2506.06091
2506.06253
2506.06266
2506.06276
2506.06444
2506.06454
2506.06462
2506.06751
2506.06905
2506.06950
2506.07047
2506.07160
2506.07204
2506.07240
2506.07356
2506.07491
2506.07564
2506.07636
2506.07645
2506.07905
2506.07907
2506.07932
2506.07976
2506.07982
2506.07986
2506.08004
2506.08011
2506.08027
2506.08060
2506.08100
2506.08237
2506.08279
2506.08300
2506.08513
2506.08529
2506.08569
2506.08572
2506.08806
2506.08825
2506.08989
2506.09007
2506.09021
2506.09042
2506.09049
2506.09050
2506.09175
2506.09229
2506.09350
2506.09366
2506.09420
2506.09427
2506.09600
2506.09736
2506.09746
2506.09820
2506.09890
2506.09930
2506.09991
2506.10029
2506.10038
2506.10056
2506.10082
2506.10122
2506.10178
2506.10209
2506.10295
2506.10297
2506.10330
2506.10341
2506.10378
2506.10467
2506.10568
2506.10728
2506.10737
2506.10821
2506.10892
2506.10952
2506.10953
2506.10954
2506.10995
2506.11071
2506.11077
2506.11136
2506.11230
2506.11277
2506.11474
2506.11487
2506.11690
2506.11702
2506.11763
2506.11788
2506.11886
2506.11915
2506.11928
2506.12088
2506.12229
2506.12258
2506.12299
2506.12346
2506.12349
2506.12379
2506.12387
2506.12450
2506.12552
2506.12623
2506.12704
2506.12801
2506.12860
2506.12879
2506.12915
2506.12928
2506.12953
2506.12966
2506.13172
2506.13363
2506.13387
2506.13404
2506.13642
2506.13651
2506.13752
2506.13759
2506.13811
2506.13901
2506.13977
2506.13981
2506.14002
2506.14012
2506.14104
2506.14111
2506.14192
2506.14234
2506.14239
2506.14374
2506.14417
2506.14492
2506.14606
2506.14665
2506.14758
2506.14767
2506.14782
2506.14824
2506.14833
2506.14965
2506.15050
2506.15128
2506.15196
2506.15211
2506.15455
2506.15585
2506.15672
2506.15677
2506.15745
2506.15900
2506.15996
2506.16012
2506.16043
2506.16054
2506.16064
2506.16095
2506.16141
2506.16310
2506.16504
2506.16507
2506.16758
2506.16769
2506.16929
2506.17080
2506.17090
2506.17213
2506.17450
2506.17453
2506.17859
2506.17871
2506.17930
2506.18187
2506.18220
2506.18369
2506.18564
2506.18674
2506.18792
2506.18841
2506.18880
2506.18887
2506.19006
2506.19103
2506.19172
2506.19232
2506.19433
2506.19467
2506.19697
2506.19713
2506.19741
2506.19766
2506.19767
2506.19839
2506.19985
2506.20009
2506.20091
2506.20223
2506.20249
2506.20331
2506.20430
2506.20480
2506.20512
2506.20660
2506.20695
2506.20706
2506.20911
2506.20936
2506.20994
2506.21281
2506.21354
2506.21458
2506.21506
2506.21546
2506.21562
2506.21587
2506.21609
2506.21656
2506.21688
2506.21757
2506.21876
2506.22069
2506.22408
2506.22419
2506.22426
2506.22523
2506.22581
2506.22626
2506.22646
2506.22742
2506.22832
2506.22992
2506.23009
2506.23012
2506.23044
2506.23128
2506.23387
2506.23394
2506.23929
2506.23971
2506.23992
2506.24123
2507.00246
2507.00339
2507.00425
2507.00476
2507.00750
2507.00769
2507.00992
2507.01001
2507.01004
2507.01028
2507.01770
2507.01862
2507.01903
2507.01931
2507.01945
2507.01949
2507.01955
2507.02025
2507.02036
2507.02139
2507.02205
2507.02284
2507.02321
2507.02355
2507.02541
2507.02592
2507.02652
2507.02770
2507.02782
2507.02806
2507.02856
2507.02869
2507.02931
2507.03033
2507.03050
2507.03253
2507.03728
2507.04054
2507.04127
2507.04218
2507.04272
2507.04404
2507.04503
2507.04723
2507.04827
2507.04886
2507.05163
2507.05240
2507.05411
2507.05432
2507.05566
2507.05601
2507.05686
2507.05791
2507.05918
2507.05945
2507.06138
2507.06167
2507.06181
2507.06229
2507.06230
2507.06277
2507.06510
2507.06543
2507.06804
2507.06812
2507.06853
2507.06920
2507.07024
2507.07104
2507.07105
2507.07106
2507.07136
2507.07151
2507.07248
2507.07484
2507.07966
2507.07984
2507.07994
2507.07998
2507.08027
2507.08144
2507.08396
2507.08794
2507.08800
2507.09074
2507.09122
2507.09477
2507.09720
2507.09751
2507.09850
2507.10065
2507.10468
2507.10548
2507.10787
2507.10865
2507.10889
2507.10933
2507.11072
2507.11145
2507.11303
2507.11437
2507.11465
2507.11484
2507.11502
2507.11589
2507.11851
2507.11941
2507.11949
2507.12367
2507.12415
2507.12455
2507.12465
2507.12607
2507.12720
2507.12950
2507.12990
2507.13158
2507.13249
2507.13302
2507.13391
2507.13450
2507.13469
2507.13494
2507.13546
2507.13573
2507.13601
2507.13707
2507.13745
2507.14074
2507.14102
2507.14130
2507.14132
2507.14222
2507.14235
2507.14295
2507.14335
2507.14355
2507.14377
2507.14382
2507.14417
2507.14465
2507.14755
2507.14793
2507.14958
2507.15061
2507.15113
2507.15245
2507.15339
2507.15395
2507.15454
2507.15501
2507.15692
2507.15728
2507.15771
2507.15790
2507.15815
2507.16038
2507.16116
2507.16290
2507.16713
2507.16746
2507.16784
2507.16814
2507.16863
2507.16880
2507.16887
2507.17048
2507.17125
2507.17248
2507.17317
2507.17402
2507.17629
2507.17744
2507.17745
2507.17944
2507.17957
2507.17963
2507.18103
2507.18192
2507.18268
2507.18356
2507.18392
2507.18398
2507.18510
2507.18565
2507.18624
2507.18842
2507.18892
2507.18905
2507.19058
2507.19239
2507.19271
2507.19399
2507.19419
2507.19457
2507.19478
2507.19634
2507.19975
2507.20105
2507.20187
2507.20198
2507.20240
2507.20519
2507.20527
2507.20543
2507.20745
2507.21183
2507.21275
2507.21290
2507.21509
2507.21790
2507.21974
2507.21988
2507.22034
2507.22061
2507.22121
2507.22233
2507.22329
2507.22445
2507.22720
2507.22827
2507.22853
2507.22879
2507.22886
2507.23091
2507.23093
2507.23257
2507.23284
2507.23313
2507.23348
2507.23374
2507.23590
2507.23726
2508.00230
2508.00632
2508.00743
2508.00910
2508.01059
2508.01079
2508.01119
2508.01159
2508.01226
2508.01311
2508.01408
2508.01630
2508.01780
2508.01928
2508.02063
2508.02079
2508.02137
2508.02243
2508.02276
2508.02324
2508.02343
2508.02442
2508.02495
2508.02502
2508.02629
2508.02748
2508.02822
2508.02833
2508.03159
2508.03542
2508.03613
2508.03852
2508.03931
2508.03936
2508.03970
2508.04010
2508.04017
2508.04039
2508.04280
2508.04326
2508.04399
2508.04604
2508.04632
2508.04699
2508.04748
2508.04830
2508.04846
2508.04939
2508.05399
2508.05405
2508.05502
2508.05609
2508.05613
2508.05614
2508.05635
2508.05748
2508.05769
2508.05813
2508.05838
2508.05864
2508.05904
2508.05925
2508.05982
2508.05988
2508.05997
2508.06009
2508.06145
2508.06471
2508.06585
2508.06811
2508.06813
2508.06905
2508.06937
2508.06944
2508.06964
2508.07407
2508.07409
2508.07485
2508.07877
2508.07981
2508.08020
2508.08048
2508.08086
2508.08143
2508.08180
2508.08244
2508.08248
2508.08345
2508.08401
2508.08437
2508.08531
2508.08610
2508.08680
2508.08700
2508.08720
2508.08974
2508.09050
2508.09450
2508.09568
2508.09603
2508.09667
2508.09726
2508.09789
2508.09945
2508.09949
2508.09956
2508.09983
2508.10122
2508.10137
2508.10180
2508.10231
2508.10420
2508.10461
2508.10482
2508.10637
2508.10830
2508.10833
2508.10860
2508.10868
2508.10894
2508.10975
2508.10985
2508.11021
2508.11032
2508.11203
2508.11255
2508.11276
2508.11408
2508.11442
2508.11486
2508.11987
2508.12109
2508.12153
2508.12466
2508.12473
2508.12569
2508.12594
2508.12669
2508.12790
2508.12800
2508.12811
2508.12945
2508.13120
2508.13142
2508.13163
2508.13167
2508.13197
2508.13365
2508.13382
2508.13426
2508.13484
2508.13523
2508.13562
2508.13632
2508.13676
2508.13908
2508.14029
2508.14160
2508.14187
2508.14306
2508.14416
2508.14568
2508.14892
2508.15202
2508.15228
2508.15361
2508.15641
2508.15746
2508.15754
2508.15760
2508.15816
2508.16009
2508.16292
2508.16577
2508.16672
2508.16720
2508.16725
2508.16754
2508.16790
2508.16838
2508.16865
2508.16932
2508.17115
2508.17145
2508.17198
2508.17290
2508.17292
2508.17468
2508.17580
2508.17661
2508.18032
2508.18106
2508.18124
2508.18159
2508.18179
2508.18255
2508.18264
2508.18621
2508.18773
2508.18921
2508.19201
2508.19229
2508.19259
2508.19492
2508.19500
2508.19559
2508.19562
2508.19588
2508.19827
2508.20148
2508.20179
2508.20404
2508.20453
2508.20586
2508.21061
2508.21070
2508.21148
2508.21172
2508.21377
2508.21456
2508.21634
2508.21748
2509.00073
2509.00375
2509.00404
2509.00649
2509.00670
2509.01052
2509.01106
2509.01215
2509.01363
2509.01535
2509.01656
2509.02036
2509.02108
2509.02208
2509.02522
2509.03501
2509.03613
2509.03682
2509.03728
2509.03740
2509.03963
2509.03984
2509.04012
2509.04019
2509.04020
2509.04151
2509.04243
2509.04337
2509.04500
2509.04644
2509.04699
2509.04833
2509.05326
2509.05689
2509.05739
2509.06033
2509.06155
2509.06224
2509.06285
2509.06327
2509.06338
2509.06452
2509.06461
2509.06482
2509.06580
2509.06733
2509.06861
2509.06870
2509.06923
2509.06942
2509.06949
2509.06950
2509.07054
2509.07107
2509.07301
2509.07361
2509.07365
2509.07403
2509.07431
2509.07519
2509.07587
2509.07966
2509.07980
2509.08108
2509.08215
2509.08358
2509.08498
2509.08649
2509.08755
2509.08777
2509.08825
2509.08827
2509.08839
2509.09022
2509.09114
2509.09118
2509.09174
2509.09234
2509.09249
2509.09286
2509.09307
2509.09313
2509.09658
2509.09672
2509.09704
2509.09734
2509.09873
2509.10289
2509.10396
2509.10452
2509.10696
2509.10813
2509.10843
2509.10849
2509.10962
2509.11114
2509.11177
2509.11353
2509.11425
2509.11444
2509.11485
2509.11845
2509.11866
2509.11964
2509.12012
2509.12132
2509.12311
2509.12464
2509.12838
2509.13160
2509.13177
2509.13305
2509.13310
2509.13523
2509.13608
2509.13683
2509.14008
2509.14026
2509.14233
2509.14476
2509.14545
2509.14922
2509.14977
2509.15012
2509.15123
2509.15221
2509.15478
2509.15496
2509.15566
2509.15591
2509.15692
2509.15709
2509.15860
2509.15937
2509.16080
2509.16328
2509.16407
2509.17191
2509.17467
2509.17641
2509.17675
2509.17818
2509.17985
2509.18010
2509.18058
2509.18083
2509.18159
2509.18174
2509.18664
2509.18890
2509.18967
2509.19170
2509.19232
2509.19274
2509.19282
2509.19297
2509.19346
2509.19367
2509.20088
2509.20241
2509.20358
2509.20388
2509.20394
2509.20404
2509.20706
2509.20982
2509.21113
2509.21164
2509.21233
2509.21240
2509.21319
2509.21320
2509.21361
2509.21388
2509.21656
2509.21760
2509.21766
2509.21799
2509.21880
2509.21890
2509.21949
2509.21989
2509.22067
2509.22300
2509.22563
2509.22582
2509.22624
2509.22646
2509.22653
2509.22819
2509.22827
2509.22858
2509.23285
2509.23291
2509.23338
2509.23564
2509.23808
2509.23873
2509.24002
2509.24375
2509.24394
2509.24732
2509.24797
2509.24817
2509.24900
2509.25045
2509.25085
2509.25131
2509.25137
2509.25154
2509.25160
2509.25162
2509.25180
2509.25190
2509.25248
2509.25266
2509.25283
2509.25331
2509.25344
2509.25370
2509.25397
2509.25411
2509.25531
2509.25729
2509.25848
2509.26217
2509.26313
2509.26354
2509.26391
2509.26507
2509.26536
2509.26617
2509.26618
2510.00160
2510.00174
2510.00204
2510.00225
2510.00231
2510.00263
2510.00392
2510.00515
2510.00553
2510.00931
2510.00938
2510.00962
2510.01037
2510.01061
2510.01070
2510.01119
2510.01143
2510.01180
2510.01266
2510.01285
2510.01304
2510.01346
2510.01353
2510.01354
2510.01392
2510.01457
2510.01533
2510.01538
2510.01670
2510.01879
2510.01982
2510.02110
2510.02173
2510.02240
2510.02253
2510.02283
2510.02306
2510.02315
2510.02341
2510.02375
2510.02410
2510.02657
2510.03194
2510.03215
2510.03259
2510.03434
2510.03574
2510.03632
2510.03721
2510.03847
2510.03857
2510.03871
2510.03872
2510.04008
2510.04016
2510.04087
2510.04452
2510.04553
2510.04729
2510.04767
2510.04860
2510.04995
2510.05019
2510.05021
2510.05034
2510.05037
2510.05069
2510.05139
2510.05157
2510.05571
2510.05586
2510.05608
2510.05681
2510.05684
2510.05771
2510.05891
2510.06030
2510.06101
2510.06107
2510.06131
2510.06199
2510.06219
2510.06426
2510.06499
2510.06596
2510.06679
2510.06727
2510.06888
2510.06889
2510.06931
2510.07143
2510.07172
2510.07203
2510.07242
2510.07310
2510.07315
2510.07319
2510.07359
2510.07546
2510.07657
2510.07731
2510.07790
2510.07793
2510.07861
2510.07958
2510.08095
2510.08143
2510.08203
2510.08211
2510.08240
2510.08485
2510.08492
2510.08529
2510.08540
2510.08564
2510.08649
2510.08847
2510.09008
2510.09062
2510.09320
2510.09426
2510.09492
2510.09510
2510.09606
2510.09782
2510.09795
2510.09864
2510.09874
2510.10197
2510.10440
2510.10472
2510.10581
2510.10611
2510.10824
2510.10840
2510.11026
2510.11043
2510.11057
2510.11088
2510.11288
2510.11317
2510.11369
2510.11438
2510.11512
2510.11528
2510.11558
2510.11602
2510.11647
2510.11652
2510.11769
2510.11967
2510.12083
2510.12225
2510.12276
2510.12302
2510.12333
2510.12560
2510.12747
2510.12766
2510.12831
2510.12972
2510.13054
2510.13291
2510.13602
2510.13621
2510.13697
2510.13741
2510.13809
2510.13867
2510.13913
2510.13977
2510.13982
2510.14014
2510.14095
2510.14146
2510.14265
2510.14589
2510.14902
2510.14919
2510.14942
2510.14972
2510.14973
2510.14976
2510.14980
2510.15009
2510.15015
2510.15026
2510.15136
2510.15201
2510.15262
2510.15346
2510.15444
2510.15710
2510.15804
2510.15808
2510.15842
2510.16124
2510.16226
2510.16258
2510.16333
2510.16449
2510.16531
2510.16641
2510.17354
2510.17388
2510.17431
2510.17498
2510.17681
2510.17699
2510.17793
2510.17862
2510.17932
2510.17960
2510.18019
2510.18087
2510.18413
2510.18501
2510.18726
2510.18791
2510.18855
2510.18902
2510.18927
2510.18940
2510.19028
2510.19286
2510.19331
2510.19368
2510.19423
2510.19457
2510.19509
2510.19753
2510.19765
2510.19792
2510.19801
2510.19866
2510.19895
2510.19949
2510.19995
2510.20119
2510.20260
2510.20342
2510.20521
2510.20535
2510.20653
2510.20661
2510.20703
2510.20708
2510.21027
2510.21057
2510.21111
2510.21223
2510.21320
2510.21346
2510.21450
2510.21553
2510.21652
2510.21730
2510.21839
2510.21861
2510.21890
2510.22010
2510.22115
2510.22211
2510.22264
2510.22373
2510.22389
2510.22415
2510.22728
2510.22729
2510.22849
2510.22975
2510.23544
2510.23571
2510.23594
2510.23669
2510.23828
2510.24078
2510.24247
2510.24373
2510.24654
2510.24655
2510.24657
2510.24711
2510.24823
2510.25079
2510.25080
2510.25201
2510.25364
2510.25409
2510.25590
2510.25628
2510.25726
2510.25760
2510.25771
2510.25897
2510.25976
2510.25992
2510.26020
2510.26196
2510.26692
2510.26890
2510.27258
2510.27339
2510.27583
2510.27613
2511.00037
2511.00062
2511.00439
2511.00588
2511.00926
2511.00958
2511.01168
2511.01202
2511.01298
2511.01340
2511.01450
2511.01502
2511.01596
2511.01846
2511.01857
2511.01923
2511.02192
2511.02358
2511.02366
2511.02415
2511.02516
2511.02589
2511.02650
2511.03108
2511.03174
2511.03261
2511.03295
2511.03773
2511.04758
2511.04860
2511.05017
2511.05502
2511.05650
2511.05708
2511.05874
2511.05933
2511.06073
2511.06995
2511.07061
2511.07070
2511.07080
2511.07409
2511.07437
2511.07499
2511.07577
2511.07790
2511.07885
2511.08043
2511.08343
2511.08521
2511.08567
2511.08633
2511.08881
2511.09143
2511.09289
2511.09313
2511.09394
2511.09611
2511.09809
2511.09915
2511.10093
2511.10258
2511.10262
2511.10693
2511.10752
2511.10903
2511.10909
2511.10984
2511.11062
2511.11257
2511.11270
2511.11510
2511.11572
2511.11721
2511.12133
2511.12439
2511.12457
2511.12710
2511.12932
2511.12997
2511.13001
2511.13704
2511.13719
2511.13764
2511.14210
2511.14385
2511.14452
2511.14582
2511.14881
2511.15038
2511.15061
2511.15080
2511.15462
2511.15510
2511.15567
2511.15705
2511.15745
2511.15915
2511.15943
2511.16024
2511.16046
2511.16450
2511.16470
2511.16518
2511.16615
2511.16624
2511.17838
2511.18268
2511.18272
2511.18423
2511.18687
2511.18734
2511.18749
2511.18822
2511.19046
2511.19319
2511.19399
2511.19413
2511.19428
2511.19633
2511.19827
2511.20013
2511.20562
2511.20573
2511.20633
2511.20814
2511.20854
2511.21338
2511.21688
2511.21736
2511.21761
2511.22240
2511.22475
2511.22609
2511.22625
2511.22759
2511.22787
2511.23369
2512.00077
2512.00083
2512.00097
2512.00323
2512.00370
2512.00392
2512.00722
2512.00762
2512.00846
2512.00888
2512.00991
2512.01191
2512.01198
2512.01340
2512.01374
2512.01481
2512.01685
2512.01816
2512.02008
2512.02038
2512.02551
2512.02817
2512.02892
2512.02899
2512.03000
2512.03125
2512.03405
2512.03534
2512.03683
2512.04072
2512.04356
2512.04390
2512.04434
2512.04677
2512.04844
2512.04981
2512.05000
2512.05044
2512.05060
2512.05076
2512.05110
2512.05272
2512.05323
2512.05439
2512.05616
2512.05681
2512.06060
2512.06061
2512.06476
2512.06493
2512.06628
2512.06923
2512.07186
2512.07559
2512.07829
2512.07843
2512.08269
2512.08405
2512.08511
2512.08564
2512.09322
2512.09406
2512.09577
2512.09772
2512.09892
2512.10092
2512.10342
2512.10391
2512.10408
2512.10576
2512.10949
2512.11474
2512.11544
2512.11615
2512.11792
2512.11934
2512.12072
2512.12602
2512.12623
2512.12692
2512.12768
2512.13077
2512.13281
2512.13313
2512.13330
2512.13396
2512.13507
2512.13564
2512.13586
2512.13961
2512.14019
2512.14197
2512.14291
2512.14336
2512.14801
2512.14944
2512.15586
2512.15603
2512.15687
2512.15861
2512.15921
2512.16093
2512.16271
2512.16378
2512.16530
2512.16900
2512.16915
2512.16920
2512.17351
2512.17796
2512.18224
2512.18375
2512.18466
2512.18746
2512.19202
2512.19402
2512.19661
2512.19687
2512.20029
2512.20292
2512.20344
2512.20491
2512.20632
2512.20662
2512.20745
2512.20757
2512.20860
2512.20927
2512.21004
2512.21094
2512.21227
2512.21238
2512.21252
2512.21332
2512.21334
2512.21337
2512.21675
2512.21697
2512.21746
2512.21980
2512.22255
2512.22334
2512.22431
2512.22469
2512.22564
2512.22615
2512.22955
2512.23044
2512.23394
2512.23412
2512.23447
2512.23628
2512.23646
2512.23904
2512.23927
2512.23950
2512.24098
2512.24146
2512.24526
2512.24695
2512.24766
2512.24885
2601.00057
2601.00059
2601.00110
2601.00394
2601.00514
2601.00756
2601.00829
2601.00830
2601.00857
2601.01095
2601.01265
2601.01425
2601.01554
2601.01576
2601.01887
2601.01888
2601.02016
2601.02179
2601.02267
2601.02358
2601.02830
2601.02933
2601.03193
2601.03324
2601.03362
2601.03467
2601.03471
2601.04147
2601.04311
2601.04354
2601.04403
2601.04421
2601.04489
2601.04553
2601.04696
2601.04720
2601.04745
2601.04790
2601.04809
2601.04888
2601.05047
2601.05056
2601.05125
2601.05241
2601.05257
2601.05266
2601.05388
2601.05741
2601.05851
2601.05882
2601.05941
2601.05972
2601.06047
2601.06151
2601.06238
2601.06378
2601.06401
2601.06423
2601.06786
2601.06791
2601.07055
2601.07226
2601.07239
2601.07251
2601.07264
2601.07290
2601.07348
2601.07365
2601.07376
2601.07381
2601.07632
2601.07772
2601.07849
2601.08000
2601.08082
2601.08109
2601.08118
2601.08239
2601.08297
2601.08559
2601.08670
2601.08763
2601.08808
2601.09012
2601.09088
2601.09113
2601.09257
2601.09282
2601.09441
2601.09499
2601.09536
2601.09876
2601.09951
2601.10103
2601.10237
2601.10305
2601.10441
2601.10598
2601.10700
2601.10712
2601.10714
2601.10719
2601.10795
2601.10956
2601.11037
2601.11077
2601.11354
2601.11496
2601.11766
2601.11866
2601.12042
2601.12276
2601.12538
2601.13063
2601.13123
2601.13187
2601.13572
2601.13606
2601.13677
2601.13836
2601.13918
2601.13976
2601.14082
2601.14133
2601.14170
2601.14192
2601.14232
2601.14245
2601.14250
2601.14255
2601.14268
2601.14319
2601.14352
2601.14466
2601.14471
2601.14506
2601.14722
2601.14724
2601.14826
2601.15390
2601.15440
2601.15607
2601.15860
2601.15873
2601.15892
2601.16134
2601.16344
2601.16513
2601.16908
2601.16926
2601.16942
2601.16973
2601.17097
2601.17111
2601.17277
2601.17636
2601.17668
2601.17737
2601.17883
2601.18137
2601.18150
2601.18184
2601.18202
2601.18415
2601.18418
2601.18747
2601.18949
2601.18962
2601.19016
2601.19168
2601.19228
2601.19494
2601.19851
2601.20118
2601.20150
2601.20165
2601.20241
2601.20262
2601.20381
2601.20730
2601.20757
2601.20789
2601.20795
2601.20861
2601.21111
2601.21192
2601.21244
2601.21268
2601.21416
2601.21666
2601.21821
2601.21920
2601.21960
2601.21965
2601.21976
2601.22377
2601.22759
2601.22802
2601.23062
2601.23182
2601.23265
2602.00108
2602.01244
2602.01322
2602.01546
2602.01660
2602.01675
2602.01984
2602.02053
2602.02084
2602.02104
2602.02227
2602.02341
2602.02380
2602.02405
2602.02437
2602.02477
2602.02660
2602.02751
2602.02914
2602.02990
2602.03036
2602.03048
2602.03139
2602.03152
2602.03189
2602.03314
2602.03338
2602.03359
2602.03411
2602.03587
2602.03773
2602.03806
2602.03828
2602.03837
2602.03845
2602.03863
2602.04145
2602.04208
2602.04210
2602.04213
2602.04282
2602.04581
2602.04739
2602.04753
2602.04816
2602.04827
2602.04842
2602.04918
2602.05023
2602.05111
2602.05272
2602.05327
2602.05710
2602.05986
2602.06025
2602.06040
2602.06181
2602.06190
2602.06375
2602.06445
2602.06540
2602.06554
2602.06600
2602.06854
2602.06855
2602.06883
2602.07022
2602.07026
2602.07040
2602.07422
2602.07598
2602.07766
2602.07775
2602.07824
2602.07885
2602.07954
2602.08004
2602.08052
2602.08106
2602.08194
2602.08354
2602.08382
2602.08392
2602.08426
2602.08658
2602.08676
2602.08794
2602.08990
2602.08995
2602.09014
2602.09084
2602.09139
2602.09146
2602.09164
2602.09276
2602.09653
2602.09849
2602.10094
2602.10104
2602.10119
2602.10388
2602.10426
2602.10458
2602.10560
2602.10622
2602.10809
2602.10870
2602.10934
2602.11157
2602.11271
2602.11509
2602.11541
2602.11598
2602.11715
2602.11792
2602.11920
2602.11964
2602.12164
2602.12205
2602.12221
2602.12500
2602.12506
2602.12670
2602.12829
2602.13013
2602.13022
2602.13344
2602.13424
2602.13433
2602.13823
2602.13851
2602.14041
2602.14080
2602.14147
2602.14158
2602.14265
2602.14299
2602.14364
2602.14511
2602.14534
2602.14689
2602.14699
2602.14857
2602.15312
2602.15569
2602.15727
2602.15791
2602.15989
2602.16008
2602.16140
2602.16157
2602.16631
2602.16682
2602.16705
2602.16756
2602.16813
2602.16849
2602.16928
2602.17221
2602.17270
2602.17363
2602.17554
2602.17594
2602.17726
2602.18292
2602.18671
2602.18710
2602.18846
2602.18964
2602.19021
2602.19128
2602.19517
2602.19672
2602.20117
2602.20157
2602.20332
2602.20423
2602.20524
2602.20540
2602.20629
2602.20672
2602.20739
2602.20812
2602.20876
2602.20951
2602.21002
2602.21468
2602.21534
2602.21600
2602.22196
2602.22580
2602.22585
2602.22859
2602.22897
2602.23152
2602.23229
2602.23258
2602.23259
2602.23339
2602.23440
2602.23596
2602.23680
2602.24068
2602.24121
2602.24237
2602.24264
2603.00059
2603.00121
2603.00452
2603.00466
2603.00662
2603.00695
2603.00791
2603.00961
2603.01193
2603.01238
2603.01301
2603.01655
2603.01666
2603.01683
2603.01685
2603.01710
2603.01940
2603.02024
2603.02099
2603.02138
2603.02210
2603.02252
2603.02260
2603.02471
2603.02510
2603.03057
2603.03160
2603.03202
2603.03205
2603.03241
2603.03269
2603.03470
2603.03529
2603.03655
2603.03790
2603.03872
2603.04257
2603.04379
2603.04403
2603.04597
2603.04736
2603.04918
2603.04989
2603.05280
2603.05312
2603.05414
2603.05488
2603.05581
2603.05757
2603.06014
2603.06382
2603.06449
2603.06854
2603.06881
2603.06922
2603.07148
2603.07300
2603.07513
2603.07814
2603.07887
2603.07959
2603.08013
2603.08068
2603.08075
2603.08436
2603.08501
2603.08655
2603.08660
2603.08706
2603.08708
2603.08709
2603.08799
2603.08899
2603.09022
2603.09025
2603.09151
2603.09181
2603.09195
2603.09482
2603.09619
2603.09896
2603.10165
2603.10324
2603.10377
2603.10521
2603.11045
2603.11169
2603.11170
2603.11179
2603.11487
2603.11593
2603.11682
2603.11846
2603.11863
2603.11896
2603.11975
2603.12146
2603.12180
2603.12226
2603.12245
2603.12246
2603.12250
2603.12255
2603.12264
2603.12267
2603.12463
2603.12485
2603.12529
2603.12704
2603.12789
2603.13200
2603.13255
2603.13364
2603.13594
2603.13669
2603.13834
2603.13904
2603.14016
2603.14206
2603.14423
2603.14682
2603.14769
2603.14864
2603.14941
2603.14999
2603.15136
2603.15206
2603.15478
2603.15500
2603.15558
2603.15600
2603.15616
2603.15617
2603.15620
2603.15670
2603.15674
2603.15726
2603.15854
2603.15911
2603.16099
2603.16189
2603.16216
2603.16309
2603.16397
2603.16542
2603.16557
2603.16864
2603.16867
2603.16871
2603.16899
2603.16924
2603.16929
2603.16932
2603.17051
2603.17074
2603.17309
2603.17375
2603.17541
2603.17948
2603.18004
2603.18090
2603.18429
2603.18488
2603.18524
2603.18743
2603.18750
2603.18886
2603.18976
2603.19002
2603.19005
2603.19017
2603.19039
2603.19149
2603.19209
2603.19216
2603.19253
2603.19461
2603.19714
2603.19944
2603.20155
2603.20169
2603.20193
2603.20225
2603.20309
2603.20368
2603.22273
2603.22327
2603.22344
2603.22350
2603.22529
2603.22642
2603.23251
2603.23376
2603.23386
2603.23471
2603.23481
2603.23488
2603.23522
2603.24257
2603.24414
2603.24536
2603.24758
2603.25120
2603.25319
2603.25406
2603.25718
2603.25744
2603.25750
2603.26304
2603.27027
2603.27164
2603.27460
2603.27838
2603.28669
2603.28696
2603.28708
2603.28767
2603.28954
2603.29095
2603.29620
2603.30028
2604.00491
2604.01128
2604.01161
2604.01221
2604.01312
2604.01328
2604.01676
2604.02007
2604.02207
2604.02296
2604.02912
2604.02967
2604.03337
2604.04020
2604.04318
2604.04443
2604.04522
2604.04948
2604.05181
2604.05608
2604.06182
2604.06217
2604.06231
2604.06377
2604.06425
2604.06628
2604.07429
2604.07565
2604.07639
2604.07843
2604.08377
2604.08536
2604.08626
2604.09134
2604.09201
2604.09497
2604.09531
2604.09631
2604.10268
2604.10577
2604.11003
2604.11269
2604.11297
2604.11618
2604.11666
2604.11753
2604.11805
2604.12206
2604.13034
2604.13068
2604.13537
2604.13822
2604.14148
2604.14869
2604.15044
2604.16007
2604.16313
2604.16367
2604.16529
2604.16593
2604.16672
2604.16872
2604.17091
2604.17465
2604.17677
2604.17972
2604.17988
2604.18164
2604.18805
2604.18893
2604.19341
2604.19410
2604.19748
2604.20062
2604.20244
2604.20398
2604.20796
2604.20987
2604.21432
2604.21718
2604.21931
2604.21958
2604.22294
2604.22841
2604.22842
2604.22880
2604.22985
2604.23341
2604.23644
2604.23941
2604.24300
2604.24628
2604.24868
2604.24966
2604.25325
2604.26116
2604.26954
2604.27039
2604.27083
2604.27124
2604.27410
2604.27766
2605.00229
2605.00414
2605.00529
2605.00553
2605.01018
2605.01322
2605.01549
2605.01841
2605.02881
2605.02913
2605.04012
2605.04018
2605.04045
2605.04523
2605.04527
2605.04615
2605.04808
2605.05242
2605.06546
2605.06642
2605.06792
2605.07465
2605.08472
2605.08513
2605.08614
2605.08735
2605.09789
2605.09928
2605.10365
2605.10488
2605.10730
2605.10772
2605.10848
2605.11182
2605.11378
2605.11458
2605.12038
2605.12090
2605.12357
2605.12524
2605.12618
2605.12684
2605.12978
2605.13565
2605.13724
2605.13779
2605.14323
2605.14747
2605.14842
2605.14892
2605.14906
2605.15167
2605.15185
2605.15188
2605.15669
2605.15764
2605.17062
2605.17109
2605.17110
2605.17278
2605.17554
2605.17933
2605.18401
2605.18498
2605.18521
2605.18530
2605.18678
2605.18748
2605.18954
2605.19305
2605.19577
2605.19932
2605.20087
2605.20368
2605.20466
2605.20873
2605.21187
2605.21487
2605.22415
2605.22681
2605.23902
2605.23921
2605.24518
2605.24527
2605.25624
2605.25849
2605.26013
2605.26275
2605.26941
2605.27392
2605.27846
2605.27860
2605.30280
2606.04232
